2.0000 0.0000 1.0000
1.9961 0.1256 1.0000
1.9842 0.2507 1.0000
1.9646 0.3748 1.0000
1.9372 0.4974 1.0000
1.9021 0.6180 1.0000
1.8596 0.7362 1.0000
1.8097 0.8516 1.0000
1.7526 0.9635 1.0000
1.6887 1.0717 1.0000
1.6180 1.1756 1.0000
1.5410 1.2748 1.0000
1.4579 1.3691 1.0000
1.3691 1.4579 1.0000
1.2748 1.5410 1.0000
1.1756 1.6180 1.0000
1.0717 1.6887 1.0000
0.9635 1.7526 1.0000
0.8516 1.8097 1.0000
0.7362 1.8596 1.0000
0.6180 1.9021 1.0000
0.4974 1.9372 1.0000
0.3748 1.9646 1.0000
0.2507 1.9842 1.0000
0.1256 1.9961 1.0000
-0.0000 2.0000 1.0000
-0.1256 1.9961 1.0000
-0.2507 1.9842 1.0000
-0.3748 1.9646 1.0000
-0.4974 1.9372 1.0000
-0.6180 1.9021 1.0000
-0.7362 1.8596 1.0000
-0.8516 1.8097 1.0000
-0.9635 1.7526 1.0000
-1.0717 1.6887 1.0000
-1.1756 1.6180 1.0000
-1.2748 1.5410 1.0000
-1.3691 1.4579 1.0000
-1.4579 1.3691 1.0000
-1.5410 1.2748 1.0000
-1.6180 1.1756 1.0000
-1.6887 1.0717 1.0000
-1.7526 0.9635 1.0000
-1.8097 0.8516 1.0000
-1.8596 0.7362 1.0000
-1.9021 0.6180 1.0000
-1.9372 0.4974 1.0000
-1.9646 0.3748 1.0000
-1.9842 0.2507 1.0000
-1.9961 0.1256 1.0000
-2.0000 -0.0000 1.0000
-1.9961 -0.1256 1.0000
-1.9842 -0.2507 1.0000
-1.9646 -0.3748 1.0000
-1.9372 -0.4974 1.0000
-1.9021 -0.6180 1.0000
-1.8596 -0.7362 1.0000
-1.8097 -0.8516 1.0000
-1.7526 -0.9635 1.0000
-1.6887 -1.0717 1.0000
-1.6180 -1.1756 1.0000
-1.5410 -1.2748 1.0000
-1.4579 -1.3691 1.0000
-1.3691 -1.4579 1.0000
-1.2748 -1.5410 1.0000
-1.1756 -1.6180 1.0000
-1.0717 -1.6887 1.0000
-0.9635 -1.7526 1.0000
-0.8516 -1.8097 1.0000
-0.7362 -1.8596 1.0000
-0.6180 -1.9021 1.0000
-0.4974 -1.9372 1.0000
-0.3748 -1.9646 1.0000
-0.2507 -1.9842 1.0000
-0.1256 -1.9961 1.0000
-0.0000 -2.0000 1.0000
0.1256 -1.9961 1.0000
0.2507 -1.9842 1.0000
0.3748 -1.9646 1.0000
0.4974 -1.9372 1.0000
0.6180 -1.9021 1.0000
0.7362 -1.8596 1.0000
0.8516 -1.8097 1.0000
0.9635 -1.7526 1.0000
1.0717 -1.6887 1.0000
1.1756 -1.6180 1.0000
1.2748 -1.5410 1.0000
1.3691 -1.4579 1.0000
1.4579 -1.3691 1.0000
1.5410 -1.2748 1.0000
1.6180 -1.1756 1.0000
1.6887 -1.0717 1.0000
1.7526 -0.9635 1.0000
1.8097 -0.8516 1.0000
1.8596 -0.7362 1.0000
1.9021 -0.6180 1.0000
1.9372 -0.4974 1.0000
1.9646 -0.3748 1.0000
1.9842 -0.2507 1.0000
1.9961 -0.1256 1.0000
