0.3002 0.0000 0.0002
0.2996 0.0189 0.0002
0.2976 0.0376 0.0000
0.2946 0.0562 -0.0001
0.2904 0.0746 -0.0002
0.2853 0.0927 0.0000
0.2788 0.1104 -0.0002
0.2713 0.1276 -0.0002
0.2629 0.1445 0.0000
0.2533 0.1608 0.0000
0.2428 0.1764 0.0001
0.2310 0.1911 -0.0001
0.2187 0.2054 0.0000
0.2054 0.2187 -0.0000
0.1911 0.2310 -0.0002
0.1764 0.2428 0.0001
0.1608 0.2533 0.0000
0.1447 0.2632 0.0004
0.1277 0.2715 0.0000
0.1104 0.2789 -0.0000
0.0928 0.2855 0.0002
0.0746 0.2906 0.0000
0.0562 0.2948 0.0001
0.0376 0.2976 -0.0001
0.0188 0.2994 0.0000
-0.0000 0.3002 0.0002
-0.0188 0.2995 0.0001
-0.0376 0.2977 0.0000
-0.0562 0.2945 -0.0002
-0.0746 0.2906 0.0001
-0.0927 0.2853 0.0000
-0.1105 0.2790 0.0001
-0.1277 0.2715 0.0000
-0.1446 0.2630 0.0002
-0.1607 0.2533 -0.0000
-0.1764 0.2427 0.0000
-0.1913 0.2312 0.0001
-0.2053 0.2186 -0.0002
-0.2186 0.2053 -0.0001
-0.2311 0.1912 -0.0001
-0.2429 0.1765 0.0003
-0.2533 0.1607 -0.0000
-0.2630 0.1446 0.0001
-0.2715 0.1278 0.0001
-0.2789 0.1104 -0.0000
-0.2851 0.0926 -0.0002
-0.2907 0.0746 0.0001
-0.2946 0.0562 -0.0001
-0.2977 0.0376 0.0001
-0.2992 0.0188 -0.0002
-0.2999 -0.0000 -0.0001
-0.2996 -0.0188 0.0002
-0.2978 -0.0376 0.0002
-0.2945 -0.0562 -0.0002
-0.2904 -0.0746 -0.0002
-0.2853 -0.0927 -0.0000
-0.2790 -0.1105 0.0001
-0.2715 -0.1277 0.0000
-0.2629 -0.1445 0.0000
-0.2532 -0.1607 -0.0001
-0.2428 -0.1764 0.0001
-0.2313 -0.1913 0.0002
-0.2186 -0.2053 -0.0001
-0.2052 -0.2185 -0.0002
-0.1912 -0.2311 -0.0001
-0.1764 -0.2428 0.0001
-0.1606 -0.2531 -0.0003
-0.1445 -0.2629 -0.0000
-0.1277 -0.2713 -0.0001
-0.1104 -0.2789 -0.0000
-0.0927 -0.2853 -0.0000
-0.0746 -0.2906 0.0000
-0.0563 -0.2949 0.0002
-0.0376 -0.2977 0.0001
-0.0188 -0.2996 0.0002
-0.0000 -0.3000 -0.0000
0.0188 -0.2993 -0.0001
0.0376 -0.2977 0.0001
0.0561 -0.2943 -0.0004
0.0746 -0.2906 -0.0000
0.0927 -0.2853 0.0000
0.1104 -0.2788 -0.0002
0.1278 -0.2715 0.0001
0.1445 -0.2628 -0.0001
0.1606 -0.2530 -0.0004
0.1763 -0.2427 -0.0000
0.1911 -0.2310 -0.0001
0.2053 -0.2186 -0.0001
0.2187 -0.2053 -0.0000
0.2313 -0.1913 0.0002
0.2427 -0.1763 0.0000
0.2533 -0.1607 -0.0000
0.2629 -0.1446 0.0001
0.2712 -0.1276 -0.0003
0.2791 -0.1105 0.0002
0.2852 -0.0927 -0.0002
0.2906 -0.0746 0.0001
0.2945 -0.0562 -0.0002
0.2975 -0.0376 -0.0001
0.2993 -0.0188 -0.0001
